2026-03-07T21:35:41Z

some avg10=9.30 avg60=7.77 avg300=7.46 total=74478227378
full avg10=6.91 avg60=7.23 avg300=7.31 total=72195912191

some avg10=0.36 avg60=0.06 avg300=0.01 total=5992321214
full avg10=0.18 avg60=0.03 avg300=0.00 total=5925857946

procs -----------memory---------- ---swap-- -----io---- -system-- -------cpu-------
 r  b   swpd   free   buff  cache   si   so    bi    bo   in   cs us sy id wa st gu
 1  2      0 288372  69048 7187252    0    0  1927  5068 1143    3  3  1 89  7  0  0
 0  1      0 314496  69048 7188844    0    0  1316 19280 3467 2687  4  3 84 10  0  0
 0  0      0 317160  69048 7189760    0    0   676 16144 3550 3772  3  2 86 10  0  0
 0  0      0 324088  69048 7190892    0    0   864 19572 2940 1706  2  2 86 10  0  0
 0  0      0 325884  69048 7191524    0    0   420 13012 3865 2438  4  2 88  7  0  0

Linux 6.14.0-1018-aws (ip-172-31-41-166) 	03/07/26 	_x86_64_	(2 CPU)

avg-cpu:  %user   %nice %system %iowait  %steal   %idle
           3.38    0.00    1.01    6.78    0.00   88.84

Device            r/s     rkB/s   rrqm/s  %rrqm r_await rareq-sz     w/s     wkB/s   wrqm/s  %wrqm w_await wareq-sz     d/s     dkB/s   drqm/s  %drqm d_await dareq-sz     f/s f_await  aqu-sz  %util
loop0            0.00      0.00     0.00   0.00    0.91    25.22    0.00      0.00     0.00   0.00    0.00     0.00    0.00      0.00     0.00   0.00    0.00     0.00    0.00    0.00    0.00   0.00
loop1            0.00      0.00     0.00   0.00    1.14    12.07    0.00      0.00     0.00   0.00    0.00     0.00    0.00      0.00     0.00   0.00    0.00     0.00    0.00    0.00    0.00   0.00
loop2            0.00      0.00     0.00   0.00    1.16    15.93    0.00      0.00     0.00   0.00    0.00     0.00    0.00      0.00     0.00   0.00    0.00     0.00    0.00    0.00    0.00   0.00
loop3            0.00      0.00     0.00   0.00    0.08    10.64    0.00      0.00     0.00   0.00    0.00     0.00    0.00      0.00     0.00   0.00    0.00     0.00    0.00    0.00    0.00   0.00
loop4            0.23      8.88     0.00   0.00   71.75    39.31    0.00      0.00     0.00   0.00    0.00     0.00    0.00      0.00     0.00   0.00    0.00     0.00    0.00    0.00    0.02   0.71
loop5            0.25     13.27     0.00   0.00   76.57    53.78    0.00      0.00     0.00   0.00    0.00     0.00    0.00      0.00     0.00   0.00    0.00     0.00    0.00    0.00    0.02   0.74
loop6            0.00      0.00     0.00   0.00    0.24    12.21    0.00      0.00     0.00   0.00    0.00     0.00    0.00      0.00     0.00   0.00    0.00     0.00    0.00    0.00    0.00   0.00
nvme0n1        176.99   1905.35     0.24   0.14    1.73    10.77  420.70   5068.18     5.37   1.26    1.60    12.05    0.00      0.00     0.00   0.00    0.00     0.00    0.00    0.00    0.98  11.44


avg-cpu:  %user   %nice %system %iowait  %steal   %idle
           2.03    0.00    1.02   10.66    0.00   86.29

Device            r/s     rkB/s   rrqm/s  %rrqm r_await rareq-sz     w/s     wkB/s   wrqm/s  %wrqm w_await wareq-sz     d/s     dkB/s   drqm/s  %drqm d_await dareq-sz     f/s f_await  aqu-sz  %util
nvme0n1        211.00    864.00     0.00   0.00    0.68     4.09 1630.00  18952.00    28.00   1.69    1.02    11.63    0.00      0.00     0.00   0.00    0.00     0.00    0.00    0.00    1.80  22.50


