2026-03-07T15:30:00Z

some avg10=10.99 avg60=10.26 avg300=10.86 total=72347102577
full avg10=10.36 avg60=10.05 avg300=10.76 total=70087387428

some avg10=0.00 avg60=0.00 avg300=0.00 total=5973834653
full avg10=0.00 avg60=0.00 avg300=0.00 total=5907534232

procs -----------memory---------- ---swap-- -----io---- -system-- -------cpu-------
 r  b   swpd   free   buff  cache   si   so    bi    bo   in   cs us sy id wa st gu
 0  1      0 234432  68012 7192332    0    0  1951  4823 1100    3  3  1 89  7  0  0
 0  0      0 236996  68012 7194252    0    0  1524 19196 2800 2385  2  2 82 13  0  0
 1  0      0 239240  68012 7194996    0    0   588 13024 2245 1755  2  1 90  7  0  0
 0  1      0 239200  68012 7195864    0    0   716 17276 3046 2088  3  1 87  9  0  0
 0  0      0 239200  68012 7196996    0    0   844 15076 3390 2544  3  2 85 11  0  0

Linux 6.14.0-1018-aws (ip-172-31-41-166) 	03/07/26 	_x86_64_	(2 CPU)

avg-cpu:  %user   %nice %system %iowait  %steal   %idle
           3.38    0.00    1.00    6.73    0.00   88.89

Device            r/s     rkB/s   rrqm/s  %rrqm r_await rareq-sz     w/s     wkB/s   wrqm/s  %wrqm w_await wareq-sz     d/s     dkB/s   drqm/s  %drqm d_await dareq-sz     f/s f_await  aqu-sz  %util
loop0            0.00      0.00     0.00   0.00    0.91    25.22    0.00      0.00     0.00   0.00    0.00     0.00    0.00      0.00     0.00   0.00    0.00     0.00    0.00    0.00    0.00   0.00
loop1            0.00      0.00     0.00   0.00    1.14    12.07    0.00      0.00     0.00   0.00    0.00     0.00    0.00      0.00     0.00   0.00    0.00     0.00    0.00    0.00    0.00   0.00
loop2            0.00      0.00     0.00   0.00    1.16    15.93    0.00      0.00     0.00   0.00    0.00     0.00    0.00      0.00     0.00   0.00    0.00     0.00    0.00    0.00    0.00   0.00
loop3            0.00      0.00     0.00   0.00    0.08    10.64    0.00      0.00     0.00   0.00    0.00     0.00    0.00      0.00     0.00   0.00    0.00     0.00    0.00    0.00    0.00   0.00
loop4            0.23      9.08     0.00   0.00   71.75    39.30    0.00      0.00     0.00   0.00    0.00     0.00    0.00      0.00     0.00   0.00    0.00     0.00    0.00    0.00    0.02   0.73
loop5            0.25     13.57     0.00   0.00   76.58    53.79    0.00      0.00     0.00   0.00    0.00     0.00    0.00      0.00     0.00   0.00    0.00     0.00    0.00    0.00    0.02   0.76
loop6            0.00      0.00     0.00   0.00    0.24    12.21    0.00      0.00     0.00   0.00    0.00     0.00    0.00      0.00     0.00   0.00    0.00     0.00    0.00    0.00    0.00   0.00
nvme0n1        177.03   1929.25     0.24   0.14    1.75    10.90  398.53   4823.44     5.06   1.25    1.64    12.10    0.00      0.00     0.00   0.00    0.00     0.00    0.00    0.00    0.97  11.28


avg-cpu:  %user   %nice %system %iowait  %steal   %idle
           2.51    0.00    2.01   11.56    0.00   83.92

Device            r/s     rkB/s   rrqm/s  %rrqm r_await rareq-sz     w/s     wkB/s   wrqm/s  %wrqm w_await wareq-sz     d/s     dkB/s   drqm/s  %drqm d_await dareq-sz     f/s f_await  aqu-sz  %util
nvme0n1        215.00    872.00     0.00   0.00    0.68     4.06 1778.00  19676.00    27.00   1.50    1.04    11.07    0.00      0.00     0.00   0.00    0.00     0.00    0.00    0.00    2.00  24.10


