2026-03-08T05:49:35Z

some avg10=13.00 avg60=13.15 avg300=13.29 total=77780446496
full avg10=12.99 avg60=13.10 avg300=13.24 total=75486898271

some avg10=0.00 avg60=0.00 avg300=0.00 total=5996260187
full avg10=0.00 avg60=0.00 avg300=0.00 total=5929785554

procs -----------memory---------- ---swap-- -----io---- -system-- -------cpu-------
 r  b   swpd   free   buff  cache   si   so    bi    bo   in   cs us sy id wa st gu
 1  2      0 169976  69164 7339428    0    0  1901  5370 1201    4  3  1 89  7  0  0
 1  0      0 196672  69164 7340996    0    0  1204 13084 2883 3153  6  4 80 11  0  0
 1  1      0 193500  69164 7342596    0    0  1348 25552 4628 4017  4  3 77 17  0  0
 0  0      0 193144  69164 7343460    0    0   716  6680 2373 1944  2  1 90  7  0  0
 0  0      0 193144  69164 7345420    0    0  1620 25904 3722 3125  3  2 77 18  0  0

Linux 6.14.0-1018-aws (ip-172-31-41-166) 	03/08/26 	_x86_64_	(2 CPU)

avg-cpu:  %user   %nice %system %iowait  %steal   %idle
           3.36    0.00    1.01    6.88    0.00   88.75

Device            r/s     rkB/s   rrqm/s  %rrqm r_await rareq-sz     w/s     wkB/s   wrqm/s  %wrqm w_await wareq-sz     d/s     dkB/s   drqm/s  %drqm d_await dareq-sz     f/s f_await  aqu-sz  %util
loop0            0.00      0.00     0.00   0.00    0.91    25.22    0.00      0.00     0.00   0.00    0.00     0.00    0.00      0.00     0.00   0.00    0.00     0.00    0.00    0.00    0.00   0.00
loop1            0.00      0.00     0.00   0.00    1.14    12.07    0.00      0.00     0.00   0.00    0.00     0.00    0.00      0.00     0.00   0.00    0.00     0.00    0.00    0.00    0.00   0.00
loop2            0.00      0.00     0.00   0.00    1.16    15.93    0.00      0.00     0.00   0.00    0.00     0.00    0.00      0.00     0.00   0.00    0.00     0.00    0.00    0.00    0.00   0.00
loop3            0.00      0.00     0.00   0.00    0.08    10.64    0.00      0.00     0.00   0.00    0.00     0.00    0.00      0.00     0.00   0.00    0.00     0.00    0.00    0.00    0.00   0.00
loop4            0.22      8.62     0.00   0.00   71.74    39.31    0.00      0.00     0.00   0.00    0.00     0.00    0.00      0.00     0.00   0.00    0.00     0.00    0.00    0.00    0.02   0.69
loop5            0.24     12.89     0.00   0.00   76.56    53.78    0.00      0.00     0.00   0.00    0.00     0.00    0.00      0.00     0.00   0.00    0.00     0.00    0.00    0.00    0.02   0.72
loop6            0.00      0.00     0.00   0.00    0.24    12.21    0.00      0.00     0.00   0.00    0.00     0.00    0.00      0.00     0.00   0.00    0.00     0.00    0.00    0.00    0.00   0.00
nvme0n1        178.16   1879.90     0.23   0.13    1.69    10.55  447.95   5370.32     5.75   1.27    1.55    11.99    0.00      0.00     0.00   0.00    0.00     0.00    0.00    0.00    1.00  11.73


avg-cpu:  %user   %nice %system %iowait  %steal   %idle
           3.03    0.00    2.53   14.65    0.00   79.80

Device            r/s     rkB/s   rrqm/s  %rrqm r_await rareq-sz     w/s     wkB/s   wrqm/s  %wrqm w_await wareq-sz     d/s     dkB/s   drqm/s  %drqm d_await dareq-sz     f/s f_await  aqu-sz  %util
nvme0n1        318.00   1288.00     0.00   0.00    0.66     4.05 1790.00  19788.00    27.00   1.49    1.04    11.05    0.00      0.00     0.00   0.00    0.00     0.00    0.00    0.00    2.07  31.20


